! D1 and D2 angles [rad]
ad1.l1 = 1.5009443796e-03;
ad1.l2 = 1.5325070050e-03;
ad1.l5 = 1.5009443796e-03;
ad1.l8 = 1.5325070050e-03;
ad1.r1 = 1.5009443796e-03;
ad1.r2 = 1.5325070050e-03;
ad1.r5 = 1.5009443796e-03;
ad1.r8 = 1.5325070050e-03;
ad2.l1 = 1.5009443796e-03;
ad2.l2 = 1.5325070050e-03;
ad2.l5 = 1.5009443796e-03;
ad2.l8 = 1.5325070050e-03;
ad2.r1 = 1.5009443796e-03;
ad2.r2 = 1.5325070050e-03;
ad2.r5 = 1.5009443796e-03;
ad2.r8 = 1.5325070050e-03;

! D1 mid-separation [m]
sep_mid_d1.l1 = 2.3527297632e-03;
sep_mid_d1.l2 = 3.6205469140e-03;
sep_mid_d1.l5 = 2.3527297632e-03;
sep_mid_d1.l8 = 3.6205469140e-03;
sep_mid_d1.r1 = 2.3527297632e-03;
sep_mid_d1.r2 = 3.6205469140e-03;
sep_mid_d1.r5 = 2.3527297632e-03;
sep_mid_d1.r8 = 3.6205469140e-03;

! D2 shifts [m]
shift_d2.l1 = 1.5407071706e-03;
shift_d2.l2 = 1.1897265430e-03;
shift_d2.l5 = 1.5407071706e-03;
shift_d2.l8 = 1.1897265430e-03;
shift_d2.r1 = 1.5407071706e-03;
shift_d2.r2 = 1.1897265430e-03;
shift_d2.r5 = 1.5407071706e-03;
shift_d2.r8 = 1.1897265430e-03;