! D1 and D2 strengths [1/m]
kd1.l1 = 2.3938497863e-04;
kd1.l2 = 1.6216998996e-04;
kd1.l5 = 2.3938497863e-04;
kd1.l8 = 1.6216998996e-04;
kd1.r1 = 2.3938497863e-04;
kd1.r2 = 1.6216998996e-04;
kd1.r5 = 2.3938497863e-04;
kd1.r8 = 1.6216998996e-04;
kd2.l1 = 1.9297297712e-04;
kd2.l2 = 1.6216998996e-04;
kd2.l5 = 1.9297297712e-04;
kd2.l8 = 1.6216998996e-04;
kd2.r1 = 1.9297297712e-04;
kd2.r2 = 1.6216998996e-04;
kd2.r5 = 1.9297297712e-04;
kd2.r8 = 1.6216998996e-04;