! IR4 RBend k0
kd3.l4 = 1.6630743049e-04;
kd3.r4 = 1.6630743049e-04;
kd4.l4 = 1.6630730577e-04;
kd4.r4 = 1.6630730577e-04;